2257939310
2327519810
2309010782
2348698195
2341131747
2274829460
2326915054
2345811803
2293032005
2249834744
2369195681
2390841152
2371160045
2394439834
2370206370
2336696721
2286413842
2338931422
2376163187
2274310350
2350449371
2290539572
2360511250
2389692327
2348340687
2358411303
2247887637
2271174881
2332131863
2342751280
2250877507
2334968501
2327820854
2284952270
2349734887
2282582954
2394744551
2373529010
2286096865
2260961521
2395130427
2340340781
2356920340
2349338722
2348224022
2392963541
2316451477
2387816215
2369634760
2397202083
2264342881
2330683575
2361287432
2338433442
2316674173
2332984310
2353556475
2344760527
2375167177
2271256014
2370479402
2288932150
2393459404
2288557985
2293539270
2242964662
2268989163
2343662151
2385149557
2384071020
2280565923
2278455382
2327245117
2366295890
2289332757
2287542345
2393443757
2253207332
2257993564
2279285871
2353945290
2260409350
2294941672
2353015494
2318070277
2390894211
2375868660
2301831284
2256993284
2278080863
2256934484
2342913404
2254715967
2277129537
2261242041
2347726510
2253861087
2390894220
2267570654
2322714337
2397755163
2380905104
2364944195
2330418441
2260991693
2266543161
2384914300
2304605110
2344248653
2389437077
2322926954
2382098032
2384548573
2324202751
2389692391
2337751977
2256493280
2376025270
2283376817
2364396544
2257018781
2357712813
2355815644
2370035313
2383630644
2310290615
2299235242
2307761221
2340956477
2254671905
2351863972
2271618087
2368173850
2313265045
2259483112
2390374342
2261242010
2245254747
2362653121
2271513827
2317422642
2391365630
2372934551
2322698575
2338465733
2251883712
2369556175
2369361257
2365261695
2323563453
2344983133
2288051134
2377084465
2337952761
2253765522
2245577212
2323975432
2257993530
2391443504
2384996401
2284370370
2355910937
2362569587
2309452454
2310351754
2241663490
2253184412
2322490897
2293691437
2357112261
2380264267
2356312350
2294121500
2369717544
2272764530
2362045931
2297584342
2310126833
2244805613
2345491884
2366248804
2290750071
2349392973
2304537797
2305447564
2372254331
2276403241
2360284857
2358219911
2368469352
2251469843
2309297874
2312716635
2274023165
2388901854
2321439442
2393648330
2346153097
2277948187
2246486404
2266284562
2332917544
2376864080
2244739702
2360024091
2324569152
2345755057
2298264774
2264842647
2330512683
2372934513
2293500554
2268620495
2245871071
2326895170
2320844803
2292428013
2248188205
2291075247
2305172671
2391509260
2355637857
2284583810
2249979232
2290617057
2378744997
2342827867
2347064917
2348091961
2257370552
2328354535
2346744657
2252883932
2330261552
2296449430
2325168482
2351492947
2352527215
2316696062
2355978734
2368543255
2344605350
2265853312
2302598751
2385406283
2246156825
2262851152
2273934394
2243592200
2325687441
2281437881
2393265851
2306516271
2341905142
2351516242
2383688401
2319817642
2338788513
2329906794
2272412451
2253106745
2280679824
2372904135
2247878741
2298932292
2369257200
2354151277
2298499702
2325949591
2395255375
2389279402
2254263250
2312589537
2267938140
2295182515
2294902330
2395671574
2381815287
2375682081
2368140637
2345445067
2273998761
2356139810
2317060074
2291016153
2256386674
2388371035
2357788993
2268729461
2265480490
2278527615
2336009813
2387691535
2372412145
2354151297
2281005841
2317391874
2396322787
2320129551
2371164504
2311798381
2391758314
2362733764
2259450400
2304337297
2259071647
2336748392
2371710303
2302693992
2316933572
2392171793
2241776320
2243953502
2339760961
2291931901
2311275905
2373770462
2311908504
2311786747
2388121924
2340086177
2301198824
2299742637
2381907194
2290377387
2249750761
2315096235
2381062155
2274897264
2349009641
2331208982
2248005474
2295139754
2276462301
2342289277
2249308203
2392422147
2372026125
2327238043
2351731475
2310870397
2262937757
2313269587
2353683385
2295281680
2261950961
2312910812
2345811794
2366563032
2339213040
2262974323
2266473792
2290346465
2311730913
2322806677
2365724125
2380836142
2310648875
2366450121
2364770265
2340470243
2306041337
2391158022
2280621134
2348352340
2360070864
2313425043
2384778217
2268446915
2346576627
2353086995
2385919673
2293636134
2322093241
2297365525
2361507195
2288348681
2320311822
2243592291
2394791665
2298398611
2311882292
2299173003
2275153174
2346104547
2271891815
2298374103
2345113505
2282969224
2396918590
2314438625
2271287391
2357870147
2252300411
2280371720
2372815922
2344801304
2254505467
2325887692
2309101867